Name: train_vector_field,, 
Batch Size: 32,, 
Learning Rate: 0.0005,, 
Num Epochs: 500,, 
LR scheduler: True,, 
N Sensors: 150,, 
N Masks: 20,, 
N Examples: [500, 100, 100],, 
Size: 96,, 
Seed: 1,, 
Device: cuda,, 
epoch,train_error,val_error 
0, 2470.62369061, 182.46831055 
1, 143.52024317, 74.99076401 
2, 73.68536019, 63.11655777 
3, 52.56755829, 40.22029118 
4, 35.98581970, 17.65531498 
5, 14.57433987, 7.75890702 
6, 5.36370248, 3.55280235 
7, 2.71284863, 1.96385323 
8, 1.57608415, 1.21244506 
9, 1.06999006, 1.01153662 
10, 0.93709342, 0.78965283 
11, 0.80318337, 0.79437922 
12, 0.86184672, 0.84853446 
13, 0.66284049, 0.67665709 
14, 0.63702497, 0.67005374 
15, 0.69074941, 0.74684556 
16, 0.63550047, 0.71541302 
17, 0.60745647, 0.62183162 
18, 0.56908857, 0.68769263 
19, 0.57100849, 0.65215207 
20, 0.66857371, 0.85435880 
21, 0.69510011, 0.78553854 
22, 0.59181428, 0.59951724 
23, 0.48369680, 0.48528467 
24, 0.54772370, 0.78665742 
25, 0.48349749, 0.45951630 
26, 0.39293783, 0.54529921 
27, 0.48242491, 0.45692367 
28, 0.38391359, 0.46375011 
29, 0.73801497, 0.86985559 
30, 0.48101036, 0.46737498 
31, 0.40865782, 0.42578103 
32, 0.47578688, 0.97524750 
33, 0.60606857, 0.44850679 
34, 0.43345320, 0.51144699 
35, 0.44523737, 0.55349937 
36, 0.45078054, 0.81248391 
37, 0.51094209, 0.43352139 
38, 0.34017892, 0.48424264 
39, 0.39341219, 0.66687934 
40, 0.52545023, 0.62306290 
41, 0.35856300, 0.56542568 
42, 0.38879712, 0.47228286 
43, 0.43022839, 0.46967705 
44, 0.41841524, 0.40686463 
45, 0.46609491, 0.36518530 
46, 0.33561400, 0.80886819 
47, 0.44176819, 0.66170286 
48, 0.43229564, 0.54399077 
49, 0.37625323, 0.51746815 
50, 0.49071757, 0.55836210 
51, 0.39766871, 0.43509262 
52, 0.45266519, 0.55442287 
53, 0.33189885, 0.31209472 
54, 0.37226240, 0.40902005 
55, 0.29448032, 0.33315690 
56, 0.27147587, 0.55477581 
57, 0.34775936, 0.38908405 
58, 0.77223784, 0.75481442 
59, 0.50979907, 0.37605948 
60, 0.63295114, 0.39121741 
61, 0.44143373, 0.33205289 
62, 0.29659550, 0.34181243 
63, 0.21733440, 0.34183091 
64, 0.27111667, 0.40036858 
65, 0.23803617, 0.29517442 
66, 0.21882100, 0.32364523 
67, 0.21385606, 0.49444077 
68, 0.38381960, 0.34559589 
69, 0.43400435, 0.33330835 
70, 0.22733992, 0.32597372 
71, 0.21106143, 0.30437494 
72, 0.27609596, 0.53329597 
73, 0.24331542, 0.29434899 
74, 0.20188272, 0.32657018 
75, 0.19368882, 0.34949185 
76, 0.59082746, 0.72371440 
77, 0.30761021, 0.28262599 
78, 0.19606873, 0.33220517 
79, 0.25502228, 0.33832758 
80, 0.24290625, 0.51750312 
81, 0.29265586, 0.37582272 
82, 0.27754147, 1.45459624 
83, 0.51196294, 0.50901957 
84, 0.19566920, 0.29080265 
85, 0.21561821, 0.34638031 
86, 0.22293641, 0.29727127 
87, 0.35164118, 0.35020995 
88, 0.44468386, 0.35861688 
89, 0.31259254, 0.47754185 
90, 0.19024745, 0.34825194 
91, 0.22951310, 0.35156261 
92, 0.24001699, 0.34542184 
93, 0.31871257, 0.31430529 
94, 0.21509689, 0.27190792 
95, 0.24031643, 0.36870499 
96, 0.24799251, 0.40681760 
97, 0.26885037, 0.39570227 
98, 0.24387933, 0.39992412 
99, 0.28536670, 0.32037474 
100, 0.15674911, 0.31471468 
101, 0.27164697, 0.40166412 
102, 0.27553194, 0.34435702 
103, 0.18551755, 0.26955397 
104, 0.20763037, 0.37907054 
105, 0.22029020, 0.34329228 
106, 0.19718346, 0.28615755 
107, 0.33509803, 0.26480430 
108, 0.27255488, 0.37746663 
109, 0.17499767, 0.33035045 
110, 0.22141348, 0.32114435 
111, 0.13114090, 0.27756822 
112, 0.23379148, 0.87834273 
113, 0.29105807, 0.33731580 
114, 0.24003195, 0.34425205 
115, 0.19625126, 0.33300865 
116, 0.23916220, 0.27731122 
117, 0.35418218, 0.88718999 
118, 0.41385783, 0.33783354 
119, 0.20809989, 0.27126769 
120, 0.17322120, 0.27908572 
121, 0.15722299, 0.27800807 
122, 0.20431412, 0.51743547 
123, 0.22074930, 0.45222818 
124, 0.20399066, 0.29776046 
125, 0.13788514, 0.25801190 
126, 0.13574520, 0.26070650 
127, 0.22019707, 0.34701138 
128, 0.27401783, 0.32473400 
129, 0.28616525, 0.42740562 
130, 0.25971546, 0.34207944 
131, 0.14519784, 0.28837727 
132, 0.16388839, 0.28283093 
133, 0.14796521, 0.43576416 
134, 0.29650952, 0.59109614 
135, 0.28002208, 0.39340628 
136, 0.18807567, 0.31430822 
137, 0.14029262, 0.36177609 
138, 0.19211205, 0.30959152 
139, 0.23693236, 0.30876478 
140, 0.15007212, 0.28251072 
141, 0.19433780, 0.31008086 
142, 0.12202652, 0.43290726 
143, 0.15960428, 0.30923103 
144, 0.28243648, 0.26740955 
145, 0.14149381, 0.31336843 
146, 0.17073669, 0.32504466 
147, 0.14427807, 0.27098977 
148, 0.18220932, 0.35872355 
149, 0.24799887, 0.29306021 
150, 0.15653042, 0.31813762 
151, 0.23658311, 0.31650541 
152, 0.15487529, 0.27616006 
153, 0.17836875, 0.31947443 
154, 0.15475363, 0.29610702 
155, 0.12919693, 0.25024603 
156, 0.25965707, 0.67653815 
157, 0.23398053, 0.37910316 
158, 0.17712273, 0.25856640 
159, 0.16461936, 0.48310942 
160, 0.14626843, 0.30435997 
161, 0.12379139, 0.25571568 
162, 0.16454802, 0.46526455 
163, 0.21049202, 0.31047996 
164, 0.21173193, 0.57483933 
165, 0.19188886, 0.25937827 
166, 0.10689768, 0.27096613 
167, 0.18043216, 0.36446158 
168, 0.24220845, 0.36754816 
169, 0.12750417, 0.29027122 
170, 0.15700172, 0.40056164 
171, 0.15582112, 0.30504286 
172, 0.19318202, 0.52398131 
173, 0.15243896, 0.32314525 
174, 0.19133771, 0.25726705 
175, 0.10447095, 0.33495187 
176, 0.15821045, 0.36999002 
177, 0.15203375, 0.24438947 
178, 0.12242846, 0.28482810 
179, 0.11557924, 0.27166891 
180, 0.11905606, 0.31651036 
181, 0.14118799, 0.31891681 
182, 0.15307160, 0.42489137 
183, 0.16652166, 0.27959568 
184, 0.09700274, 0.27652549 
185, 0.10145886, 0.34264682 
186, 0.15035529, 0.38620165 
187, 0.32872450, 0.58206554 
188, 0.17917996, 0.31742032 
189, 0.10380668, 0.25280172 
190, 0.11894200, 0.34146423 
191, 0.18257380, 0.33525896 
192, 0.09511065, 0.25596518 
193, 0.09445312, 0.26422559 
194, 0.26291442, 0.27440787 
195, 0.09974496, 0.29173983 
196, 0.09931444, 0.28534443 
197, 0.11928867, 0.27353060 
198, 0.19751826, 0.28592611 
199, 0.09727611, 0.30809836 
200, 0.11188249, 0.28632673 
201, 0.11472806, 0.42123237 
202, 0.15297562, 0.24241159 
203, 0.08287648, 0.23349428 
204, 0.13271185, 0.24431309 
205, 0.09355203, 0.30464190 
206, 0.10164478, 0.31675528 
207, 0.10056880, 0.35271693 
208, 0.15264709, 0.24096632 
209, 0.13554938, 0.37613812 
210, 0.15740645, 0.34745082 
211, 0.16717780, 0.27604239 
212, 0.08534653, 0.29052663 
213, 0.09926540, 0.25290166 
214, 0.12227405, 0.41316708 
215, 0.11109245, 0.28689079 
216, 0.11847637, 0.28163530 
217, 0.11338777, 0.33528574 
218, 0.13710194, 0.26576815 
219, 0.09267240, 0.26722463 
220, 0.12029824, 0.32269228 
221, 0.08805664, 0.33263059 
222, 0.10129760, 0.31699752 
223, 0.09931506, 0.29648049 
224, 0.18121370, 0.28047321 
225, 0.14112366, 0.31393645 
226, 0.09232737, 0.25382193 
227, 0.08756796, 0.25610836 
228, 0.07773564, 0.24314985 
229, 0.09238458, 0.41000649 
230, 0.09711814, 0.25218845 
231, 0.09438035, 0.29825530 
232, 0.09314209, 0.30581599 
233, 0.09535044, 0.25702283 
234, 0.08711994, 0.25360479 
235, 0.10145463, 0.25487451 
236, 0.08549856, 0.31006848 
237, 0.14035134, 0.28088904 
238, 0.09325726, 0.29826362 
239, 0.09298999, 0.28610547 
240, 0.10593920, 0.29591663 
241, 0.09751698, 0.26781470 
242, 0.11609722, 0.27037694 
243, 0.08095655, 0.27586783 
244, 0.10119522, 0.26894034 
245, 0.10385413, 0.29480734 
246, 0.09692284, 0.25545304 
247, 0.07392366, 0.25860665 
248, 0.07629102, 0.25275565 
249, 0.07180438, 0.26310732 
250, 0.07196767, 0.26423386 
251, 0.08971324, 0.25914817 
252, 0.07487893, 0.24998699 
253, 0.09070169, 0.28370812 
254, 0.08924570, 0.26071098 
255, 0.07250894, 0.24748650 
256, 0.08245549, 0.24819069 
257, 0.07511073, 0.25844561 
258, 0.10057906, 0.28922735 
259, 0.07544979, 0.23267692 
260, 0.07197158, 0.26739703 
261, 0.09585995, 0.28135651 
262, 0.08359100, 0.23936631 
263, 0.06700933, 0.24822807 
264, 0.08193758, 0.27018889 
265, 0.08405774, 0.24926398 
266, 0.07682289, 0.23997220 
267, 0.06793186, 0.25141617 
268, 0.06192634, 0.23886568 
269, 0.06694594, 0.27165485 
270, 0.06455325, 0.24032051 
271, 0.05754911, 0.23816313 
272, 0.07114538, 0.24226266 
273, 0.07344359, 0.23870905 
274, 0.06451038, 0.25839129 
275, 0.14884346, 0.23894546 
276, 0.08672695, 0.23665928 
277, 0.07076960, 0.24002569 
278, 0.06432855, 0.24321629 
279, 0.06183465, 0.27870407 
280, 0.06648551, 0.24111722 
281, 0.06575797, 0.23929250 
282, 0.06348105, 0.23361596 
283, 0.07046367, 0.25547454 
284, 0.07327553, 0.24464218 
285, 0.06586035, 0.26092358 
286, 0.07321409, 0.26968814 
287, 0.06761052, 0.25276753 
288, 0.06764421, 0.24230096 
289, 0.06396704, 0.23718762 
290, 0.06730768, 0.25781396 
291, 0.07082404, 0.26917422 
292, 0.06856044, 0.25020846 
293, 0.07008296, 0.28692857 
294, 0.06611099, 0.24345606 
295, 0.06099165, 0.25387682 
296, 0.05749073, 0.23153585 
297, 0.06012221, 0.24480008 
298, 0.06083320, 0.23779584 
299, 0.06824869, 0.23729658 
300, 0.05741289, 0.23315602 
301, 0.06256396, 0.25435768 
302, 0.06161546, 0.23219056 
303, 0.05760634, 0.22746013 
304, 0.05579113, 0.22317395 
305, 0.05708952, 0.23247591 
306, 0.05868173, 0.23800582 
307, 0.05666379, 0.24358472 
308, 0.05724251, 0.25894899 
309, 0.05873832, 0.23144789 
310, 0.05523214, 0.23693867 
311, 0.05457547, 0.23950724 
312, 0.05480438, 0.22801892 
313, 0.05820443, 0.27475780 
314, 0.05470397, 0.24664222 
315, 0.05365503, 0.22756277 
316, 0.06193498, 0.24344651 
317, 0.05913967, 0.25307271 
318, 0.05881077, 0.24538883 
319, 0.05680160, 0.22934100 
320, 0.05481444, 0.24005955 
321, 0.05541592, 0.25314190 
322, 0.05658380, 0.24599341 
323, 0.05540084, 0.24202186 
324, 0.05445331, 0.23496579 
325, 0.05550066, 0.24938349 
326, 0.05488774, 0.23181899 
327, 0.05816104, 0.23067912 
328, 0.05605191, 0.23370257 
329, 0.05678479, 0.23291316 
330, 0.05226892, 0.23644154 
331, 0.05398256, 0.22386629 
332, 0.05401520, 0.24444890 
333, 0.05400275, 0.23652540 
334, 0.05343074, 0.25550597 
335, 0.05807562, 0.23749507 
336, 0.05317532, 0.24633544 
337, 0.05066704, 0.24225721 
338, 0.05363752, 0.23837100 
339, 0.05212638, 0.25015783 
340, 0.05020933, 0.24156551 
341, 0.05157446, 0.22518218 
342, 0.05149639, 0.23614996 
343, 0.05281942, 0.23254793 
344, 0.04905237, 0.24862077 
345, 0.04998979, 0.22927842 
346, 0.04923117, 0.23883658 
347, 0.05120811, 0.21449467 
348, 0.05134925, 0.23389199 
349, 0.04986007, 0.23663349 
350, 0.05185454, 0.23854911 
351, 0.05008041, 0.23525015 
352, 0.04881875, 0.23264577 
353, 0.04958120, 0.22128972 
354, 0.04931166, 0.22376185 
355, 0.04954423, 0.25029447 
356, 0.04847190, 0.24054474 
357, 0.04872381, 0.23043480 
358, 0.05000417, 0.24022586 
359, 0.05015623, 0.23506109 
360, 0.05095980, 0.23201970 
361, 0.05456675, 0.23898852 
362, 0.04953348, 0.24659630 
363, 0.04843761, 0.24833538 
364, 0.05110711, 0.24002607 
365, 0.04936127, 0.23306651 
366, 0.04928398, 0.23555436 
367, 0.04999898, 0.24242096 
368, 0.04957591, 0.23969502 
369, 0.04988121, 0.23500040 
370, 0.04747419, 0.22679725 
371, 0.04708034, 0.24268160 
372, 0.04766653, 0.24284109 
373, 0.04767238, 0.23689411 
374, 0.04863687, 0.23799585 
375, 0.04803238, 0.22292674 
376, 0.04847503, 0.23434542 
377, 0.04823648, 0.22782227 
378, 0.04758835, 0.23187610 
379, 0.04769209, 0.23710171 
380, 0.04646470, 0.22026184 
381, 0.04729923, 0.23698132 
382, 0.04660712, 0.22897699 
383, 0.04664112, 0.24470967 
384, 0.04613352, 0.23752628 
385, 0.04665657, 0.23611556 
386, 0.04721102, 0.22978926 
387, 0.04711911, 0.23293967 
388, 0.04624951, 0.25012652 
389, 0.04674255, 0.23228546 
390, 0.04696383, 0.22096219 
391, 0.04606405, 0.24275281 
392, 0.04663259, 0.22638763 
393, 0.04690419, 0.22078629 
394, 0.04660266, 0.22888139 
395, 0.04640940, 0.23813451 
396, 0.04687690, 0.22758958 
397, 0.04602966, 0.22488375 
398, 0.04656183, 0.22996865 
399, 0.04557236, 0.22382724 
400, 0.04634149, 0.23104430 
401, 0.04692452, 0.23860115 
402, 0.04597811, 0.22640218 
403, 0.04596893, 0.21680127 
404, 0.04570993, 0.22846044 
405, 0.04573330, 0.23706691 
406, 0.04535544, 0.23336428 
407, 0.04527451, 0.23740491 
408, 0.04509386, 0.23035041 
409, 0.04547617, 0.22536387 
410, 0.04548022, 0.23591503 
411, 0.04521791, 0.23412036 
412, 0.04530962, 0.23160615 
413, 0.04536680, 0.23036108 
414, 0.04536923, 0.22125747 
415, 0.04599912, 0.21992574 
416, 0.04533256, 0.22928279 
417, 0.04511425, 0.22907314 
418, 0.04487694, 0.21913542 
419, 0.04462580, 0.22767178 
420, 0.04473900, 0.22607962 
421, 0.04523498, 0.22617989 
422, 0.04575382, 0.23720252 
423, 0.04579755, 0.24212674 
424, 0.04630439, 0.23613383 
425, 0.04557243, 0.23228842 
426, 0.04546660, 0.23316145 
427, 0.04470398, 0.21688277 
428, 0.04452227, 0.23053280 
429, 0.04461772, 0.22546166 
430, 0.04446131, 0.22407953 
431, 0.04434623, 0.22974140 
432, 0.04419587, 0.23019261 
433, 0.04446192, 0.22941673 
434, 0.04439934, 0.22279549 
435, 0.04424227, 0.22392797 
436, 0.04439494, 0.22968765 
437, 0.04492163, 0.23158788 
438, 0.04464212, 0.22446826 
439, 0.04421646, 0.22992461 
440, 0.04410989, 0.23042291 
441, 0.04422527, 0.23092653 
442, 0.04411767, 0.22650058 
443, 0.04400849, 0.23908541 
444, 0.04394835, 0.23051451 
445, 0.04425120, 0.22377421 
446, 0.04460426, 0.21861776 
447, 0.04412051, 0.23681279 
448, 0.04376039, 0.22498334 
449, 0.04411735, 0.22476060 
450, 0.04387929, 0.21658662 
451, 0.04383568, 0.21945278 
452, 0.04384272, 0.22526963 
453, 0.04425322, 0.22270018 
454, 0.04395808, 0.23228629 
455, 0.04393247, 0.22433547 
456, 0.04398998, 0.22574097 
457, 0.04381029, 0.22757896 
458, 0.04399996, 0.21891259 
459, 0.04391718, 0.22928376 
460, 0.04398314, 0.22080986 
461, 0.04367453, 0.22480762 
462, 0.04354682, 0.23102531 
463, 0.04378961, 0.23187987 
464, 0.04364202, 0.22772367 
465, 0.04356500, 0.22296991 
466, 0.04374122, 0.22560123 
467, 0.04379707, 0.23603144 
468, 0.04377152, 0.21925469 
469, 0.04362408, 0.22338719 
470, 0.04345919, 0.24441949 
471, 0.04369959, 0.23703652 
472, 0.04373873, 0.23257603 
473, 0.04363208, 0.23026401 
474, 0.04348661, 0.23137631 
475, 0.04371173, 0.22202789 
476, 0.04351682, 0.21478434 
477, 0.04348745, 0.21766993 
478, 0.04364375, 0.22498643 
479, 0.04341374, 0.23453195 
480, 0.04339238, 0.23203490 
481, 0.04355560, 0.22771341 
482, 0.04359063, 0.22660594 
483, 0.04345401, 0.23644156 
484, 0.04348106, 0.22332538 
485, 0.04341345, 0.23463124 
486, 0.04336800, 0.22223612 
487, 0.04353800, 0.21764004 
488, 0.04352028, 0.23081975 
489, 0.04353160, 0.23754218 
490, 0.04336088, 0.22979872 
491, 0.04339916, 0.22063082 
492, 0.04350411, 0.21610363 
493, 0.04341811, 0.22583100 
494, 0.04331722, 0.21431855 
495, 0.04341360, 0.22939143 
496, 0.04318582, 0.23345082 
497, 0.04363042, 0.23410945 
498, 0.04352844, 0.21890274 
499, 0.04344836, 0.22826771 
